1997
1263
678
1168
1216
1684
961
1901
1373
454
1316
1197
1941
977
1134
786
1241
368
1442
315
1867
1624
374
1429
498
991
203
460
979
75
348
1393
1463
1312
802
1398
1627
948
1282
1863
1206
1882
80
222
1462
1461
827
819
1742
105
425
1356
1858
894
1912
1281
939
1775
1119
1950
297
1593
1745
601
926
518
1017
1830
32
321
1800
715
1434
1464
912
526
679
1164
85
1001
552
763
513
291
1467
1890
1247
1839
70
1476
421
1069
1490
1533
361
1501
301
320
879
837
1907
1915
1083
1916
1184
1079
1581
1150
343
1029
1910
641
430
556
1669
110
657
1457
139
980
298
1284
1703
771
483
1110
1650
358
1308
1498
714
491
299
1499
1523
1383
833
173
1230
190
1598
1904
580
582
1704
302
492
996
1428
1511
194
339
254
290
197
113
527
1061
1456
1756
150
1521
1298
1502
248
1188
367
1881
355
62
1874
1074
1869
798
1396
902
162
1330
1432
1875
1137
1321
1153
1746
1713
1555
742
942
822
354
1572
645
427
1556
1450
1648
1570
469
109
903
608
1816
175
1963
1807
810
356
1928
793
1058
871
400
1671
154
138
1236
1466
30
433
1379
1744
1200
506
1894
587
1942
1999
909
885
1248
1410
691
688
64
611
1455
604
788
924
393
181
89
866
1142
994
484
1886
1510
1818
94
854
1841
1574
1397
1300
1531
635
267
114
1344
1038
880
265
1287
625
389
101
693
1849
1927
986
1889
1468
149
571
1844
1335
728
730
13
303
913
1603
1595
1196
617
989
577
820
1604
1050
654
12
1324
6
46
549
1011
1662
806
1792
431
1959
362
192
901
898
852
1209
644
722
1529
1220
895
1645
752
908
1332
1047
120
749
915
834
312
1616
561
770
1710
1764
163
151
1678
1591
1851
1384
1419
219
881
394
1507
1628
857
287
1154
1278
1958
1656
1402
956
725
164
627
510
1681
1
1988
1801
696
1471
107
988
221
590
1738
778
1441
289
1859
632
875
1819
1642
1524
1545
140
1554
1271
77
1778
436
1451
1739
1629
600
960
1045
1085
357
1183
985
1871
1608
95
567
583
1852
1504
281
1522
1631
1365
1997
42
347
1974
1090
1925
1654
1990
1618
815
1014
733
171
1337
184
1994
1339
409
193
767
630
72
1459
279
1773
1301
1961
1469
523
1195
1262
814
1933
156
937
1385
1605
1311
1611
230
958
1630
1055
1243
818
344
236
146
1275
235
777
283
116
796
1587
1268
1024
1046
643
1917
364
1568
772
843
863
1750
342
125
663
1920
329
1327
1440
1918
1711
461
1252
1302
598
1782
1592
1288
437
918
375
1006
104
614
247
1205
537
1169
1644
1720
1913
917
0
174
441
73
949
134
1785
673
813
574
2
892
1089
953
677
1193
1352
1584
214
426
1008
479
478
144
620
1032
1470
1696
308
477
1727
133
1636
1175
1558
695
1855
488
1203
1473
1163
705
703
1408
373
859
258
628
1516
106
962
618
325
243
1081
20
1811
1655
141
1430
83
664
1730
1389
260
257
610
1687
1617
1056
900
103
112
1076
576
803
1148
1086
904
1328
1259
1174
1102
1472
1003
155
208
1697
1848
1289
370
1924
1854
748
734
1420
656
1743
702
1733
395
649
1041
595
1104
1960
391
1905
1094
1416
274
1395
925
1757
759
1211
502
1141
512
476
1702
1130
1895
753
187
1111
201
1943
341
1699
1824
1588
1437
655
276
220
233
1388
1135
536
1973
1406
1143
584
183
152
992
1600
443
330
1653
1938
1813
1548
1224
1453
314
546
1939
1494
1394
1561
1364
1192
1343
603
1528
682
1132
122
1060
692
1073
847
789
804
1255
1051
318
1810
475
22
403
26
775
1214
1569
1705
1729
1366
1637
1010
1832
383
79
23
1218
501
1219
84
616
831
1566
1144
724
1544
1265
1809
1597
1930
1649
1805
213
35
1098
1411
453
816
1771
1947
1400
709
1070
914
322
410
1063
1361
1719
178
602
936
706
1794
1865
1348
1392
1303
1484
1062
943
338
76
946
950
1622
1158
1936
545
1878
1700
647
998
1305
882
990
1864
327
56
1829
416
1552
1845
528
1031
1781
1359
57
284
1222
504
1515
1320
1096
997
1240
1899
1372
480
465
701
535
1286
1331
1138
1968
1346
573
1967
685
1159
263
1726
521
432
726
1443
707
1165
609
1965
1776
1251
1817
261
927
1962
839
758
413
369
919
1866
1084
1643
271
1657
520
439
1179
9
1534
1620
1126
323
1121
1937
1040
665
376
1099
52
1897
878
1027
638
1115
1238
1124
423
310
1435
993
792
1026
1953
1182
557
1900
132
984
158
1293
218
1113
126
591
517
862
458
812
210
1131
737
217
683
1503
893
1354
1665
588
1786
53
1883
1482
1160
551
251
783
888
392
204
555
1034
1663
1985
1257
694
1607
670
351
1525
1536
1549
541
1015
550
910
1956
534
91
768
1277
44
974
873
750
1376
1377
19
1541
1202
365
821
1253
1835
414
277
597
1690
1088
422
1207
828
249
1237
1231
1579
398
1708
1380
1634
1539
1381
1540
1589
1019
1386
33
1378
1454
401
1993
1360
1123
1772
198
938
1492
515
1213
1514
11
1139
43
1020
1401
273
1565
1181
612
1902
1769
687
671
717
130
129
286
497
935
1087
324
381
1424
446
1723
1048
244
941
1610
1221
964
1004
667
345
1779
921
51
1971
1185
858
1820
307
1765
1161
1103
791
1576
966
1683
1838
1880
525
543
596
1023
296
1147
1201
760
867
1686
466
1299
8
1948
1120
487
544
735
1177
180
250
102
189
1374
1777
864
496
874
1931
335
1425
1542
563
352
411
1929
1935
1802
1594
756
1245
1136
136
225
1431
237
787
1417
1065
462
1194
1823
1002
58
148
745
238
278
1233
1495
223
1981
978
304
1986
569
309
1315
817
200
1415
264
954
1609
98
983
206
1735
973
1474
1204
1613
865
1059
1349
16
1052
10
1009
886
1140
1526
1367
922
1826
532
143
55
29
877
340
442
1093
1639
3
1028
860
328
25
27
947
729
66
1827
531
547
1000
842
1313
1483
1109
1452
1602
751
1172
807
499
1215
1840
1107
1403
452
1658
1075
586
45
781
562
1911
1105
1831
316
1260
1977
268
1390
564
1898
1707
1345
378
333
928
1409
256
1638
790
868
1693
1187
883
1862
1601
372
1280
1095
1355
1888
1749
1919
1614
1326
1680
1269
869
385
1557
40
1323
1635
684
486
1944
1318
1189
1774
548
840
1013
1923
968
1475
500
579
494
1357
371
712
1563
384
761
1217
288
1640
1783
293
199
455
1007
1660
1480
1399
96
1716
404
1652
765
495
1149
1625
689
1834
809
850
853
118
718
838
589
305
585
366
1626
503
412
674
1891
1033
633
1596
1789
1983
844
359
982
417
93
1242
160
227
1546
829
1538
1307
1166
1226
382
179
592
1887
1173
1292
784
1375
65
1497
481
1283
170
1763
234
1239
471
1949
1267
930
396
1449
474
1513
568
319
1740
1766
1477
905
1717
1186
1097
636
1022
1412
1358
81
295
1229
538
1908
970
121
1025
736
1071
1879
1847
1833
1532
1404
1133
762
1276
1232
1180
897
570
1068
708
721
1129
387
836
50
1893
1992
1804
195
406
774
1714
739
769
738
1053
92
1945
773
906
951
1021
1118
1127
169
1146
920
259
1329
658
559
18
202
621
350
995
1291
884
519
1701
1692
402
605
242
1989
1294
1333
626
981
451
224
1100
1228
581
799
415
63
889
1350
489
447
1116
1846
1101
566
457
934
719
963
529
999
313
1970
54
776
1338
1715
270
388
1590
1709
38
456
1460
1128
1162
1712
524
1223
1306
60
933
975
434
485
215
1926
1815
1310
127
176
572
1688
1885
754
1647
1952
408
1519
615
1955
153
851
1212
1190
1517
855
1108
642
639
41
142
553
710
1676
300
1698
1005
240
59
1934
131
266
1446
232
613
1551
463
1106
14
805
1250
1706
1064
1039
4
952
835
1547
1553
424
1258
69
780
255
1261
90
1049
764
1966
1246
326
111
1770
196
1843
1368
972
740
1980
99
669
135
445
1615
607
1254
1957
1877
533
957
332
631
653
1732
493
28
1996
1418
1304
1767
186
1535
1382
128
1351
507
1506
1157
1487
1210
680
747
743
1586
473
1754
779
1803
1152
514
1790
1768
727
1436
166
405
1314
1336
450
1659
1861
331
1984
1791
1297
1198
916
646
599
629
522
1562
959
1353
1227
440
282
397
1759
1319
161
876
78
470
1054
1479
1951
911
1491
17
191
716
159
967
1438
88
1666
1170
419
1884
1860
870
1427
1077
1489
1797
67
969
1512
1448
1761
578
82
1799
650
1795
1722
229
306
1066
353
1279
1731
1796
856
1921
386
681
1689
1580
360
1982
464
530
1873
137
1092
676
891
124
1391
1407
172
606
782
1322
275
1151
177
940
1828
49
746
1500
661
846
36
1387
634
1272
1530
1812
1668
849
420
1946
508
622
1178
1564
108
1646
1445
554
1734
1550
1171
1623
459
145
1682
1718
1030
269
429
336
824
115
1235
1857
1191
848
1932
1290
1836
449
1909
890
48
1825
1573
1868
931
1176
594
1266
1972
1037
539
209
1505
1012
119
1975
1842
795
971
1067
1405
652
1940
74
575
1748
1853
825
1493
1922
490
907
285
659
337
87
168
841
1694
1695
640
1798
797
542
1606
1018
1641
1082
1167
185
690
648
212
1145
1995
565
211
593
1679
1208
1721
157
1583
334
1155
1080
1317
1527
1906
823
280
34
346
1856
861
380
505
123
887
390
1520
377
1575
1369
830
37
1244
205
1016
700
1371
1285
231
399
1793
1117
1249
1892
668
241
741
651
1340
757
1264
1599
246
662
1044
1295
686
672
252
1444
744
1752
100
1987
923
811
1486
1674
1458
1903
1724
1633
1632
228
766
637
1270
188
39
468
965
253
467
1414
1334
1122
1078
1488
379
932
1035
1914
1814
1325
713
720
1577
1560
15
976
1621
1672
1426
1673
1370
987
1274
61
165
1998
699
1758
1675
147
1465
1896
292
1363
1661
955
1667
1677
1725
619
1413
239
1821
294
1585
509
1543
1273
1784
1578
1969
1559
711
1309
704
1091
1043
418
31
472
71
1509
21
1964
47
698
5
666
511
1651
660
1481
1822
560
1979
97
1422
1518
1954
723
1788
1057
182
1036
1685
1296
349
732
24
1072
1112
216
1619
1870
826
1751
1496
1664
929
1808
1872
1571
167
68
1433
311
731
675
317
1612
1114
1991
1421
755
1670
785
872
1736
1976
1508
245
1347
808
1582
1447
1225
1234
7
262
516
1728
1537
623
800
1362
1755
1342
272
558
1042
1156
86
899
945
794
1978
1850
1485
845
1806
1760
540
1876
1837
801
1478
363
226
697
1753
1125
1741
1762
1567
1691
1747
1256
1780
896
407
1787
944
435
448
117
482
1737
832
428
207
438
444
1423
624
